43945 33.9222 -84.336
57416 35.6451 139.73
21873 35.6333 139.65
21369 42.4031 -71.1272
47391 40.015 -105.271
41008 51.0481 -114.088
50175 22.2988 114.173
56483 36.1488 -95.9756
9775 40.335 -79.8458
16822 34.4274 -119.886
11812 35.0947 139.074
1444 32.7382 -117.149
28171 45.901 10.8445
57052 35.6333 139.65
44517 49.2826 -123.123
3705 33.8157 -116.485
32822 33.1196 131.799
5991 51.4997 -2.53333
46522 33.3968 -84.5958
20219 41.8868 12.4694
9848 28.3544 -80.7265
54469 -37.8173 144.966
42246 36.154 -95.9928
7953 37.533 -77.4279
32896 17.385 78.4867
57573 44.9841 -122.998
26429 27.9082 -82.6961
43177 31.1422 -93.2652
37571 44.652 -63.5968
45782 50.9291 4.06134
23908 53.5491 9.93634
48375 41.4833 -81.5902
26203 34.0522 -118.244
8526 45.7213 11.3563
14080 52.8 -1.61667
438 37.5807 -122.344
10140 26.1191 -80.1413
18601 48.8415 2.30793
4314 35.7143 -83.5102
23239 33.7566 -84.3987
46221 38.3566 -121.988
31046 41.7936 -71.3254
4038 40.6698 -73.527
7585 52.4994 13.4205
11343 48.8151 9.17915
10887 33.053 -96.7974
56639 37.6164 -122.396
42553 -6.4 106.833
3700 39.3036 -76.6184
15871 35.5841 139.725
3591 39.6478 -104.988
26841 30.5682 -97.6922
26204 33.8036 -117.819
26800 34.2853 -118.438
56831 43.1352 -70.9195
36622 33.8573 -84.0199
24230 44.6126 -124.049
50442 39.4698 -0.377387
13607 26.5983 -81.8608
29739 47.6062 -122.332
23821 35.994 -78.8986
43604 30.4505 -97.7853
16488 26.0112 -80.1495
15915 40.7143 -74.006
24454 -26.4 153.067
46201 50.1167 8.68333
26863 37.3375 -122.04
51714 45.4216 -75.6966
17699 49.083 -123.086
12572 63.8814 16.1081
7713 40.7844 -74.0104
11367 29.5322 -98.3009
21684 53.55 -2.51667
1853 42.3466 -71.0428
14319 31.4433 -96.0648
13285 35.5297 -97.6107
21924 35.7133 139.777
37056 40.6754 -73.9712
8448 50.2 8.58333
22217 47.6764 8.61446
29353 43.7001 -79.4163
46461 40.387 -111.823
44236 51.4715 -0.167279
38846 31.9236 -92.6292
23531 36.0951 -95.8636
21747 28.0222 -81.7329
42847 38.7805 -9.4436
28838 40.7672 -73.9918
2058 35.1082 -80.8865
51855 40.8223 -74.1599
13193 51.4333 -1
39560 37.3945 -122.079
30656 -37.8249 144.946
10173 42.8968 -78.8864
17927 51.5209 0.196899
29769 33.9412 -84.2135
14191 50.4313 -3.69746
10314 26.1223 -80.1434
17825 33.4966 -86.7924
3542 35.6471 -81.792
49072 30.2672 -97.7431
22200 48.8525 2.33846
25714 37.8216 -122
2969 1.31112 103.856
50637 49.4111 8.68989
17222 33.7788 -84.3844
9024 42.7978 -83.7049
49664 51.0167 5.3
3743 39.2912 -84.314
2236 33.8008 -116.518
5259 49 32
384 53.5284 -113.528
49501 25.7493 -80.243
46748 50.3715 -4.14305
36422 38.9925 -94.5954
14079 51.2333 -0.066667
35541 38.8814 -94.8191
5605 37.1494 -80.4074
21956 42.0543 -88.4256
26000 39.6866 -104.866
13381 41.2239 1.72511
38262 22.2854 114.133
17422 33.9962 -118.477
13158 35.3459 -97.4706
43602 30.4014 -97.7525
7247 47.6163 -122.331
32489 41.8043 -71.282
39353 14.6439 121.037
4677 42.0833 -72.6456
29626 39.9168 -75.3877
261 39.632 -77.4106
44465 35.5024 -82.5233
11300 41.8607 123.884
18247 51.5122 -0.302038
9716 40.7143 -74.006
11452 33.7738 -84.3623
44945 53.2339 -0.536259
24836 59.9301 10.7369
23750 39.7393 -89.2665
40458 52.5902 -2.13385
7325 38.8858 -94.533
24735 51.3734 -1.03495
51989 53.2667 -2.83333
46124 52.4768 13.3269
19428 21.3591 -157.962
45337 46.0684 18.1973
50423 54.5981 -5.89974
44729 51.0521 3.72051
19007 -34.5395 150.862
38541 40.7143 -74.006
26456 27.7938 -82.6372
19217 32.8076 -96.8097
52389 35.5839 -120.621
3138 31.4499 -98.5709
1221 39.7339 -105.043
47315 59.9176 10.7581
20372 40.5031 -78.6303
6997 41.9296 -87.684
16258 35.6617 139.728
10452 34.6691 135.21
5254 42.4881 -83.1442
57568 41.2396 -77.0019
44597 50.0881 14.4277
47765 53.1167 -2.16667
49642 45.3168 -73.2659
8678 37.8057 -122.413
23766 -41.5456 147.214
38151 31.1028 -97.7817
33114 51.5084 -0.125533
17793 35.5626 -97.6503
56869 47.8852 -120.159
33948 34.8362 -82.39
2273 41.4995 -81.6954
20522 40.2371 -74.6865
27103 35.6591 139.701
2334 38.2505 -85.7575
52828 41.6344 -0.86937
3710 19.0667 72.8333
49896 50.7167 -1.88333
23705 34.0007 -81.0348
36370 51.5052 -0.09676
18733 33.606 -78.9731
34257 30.2681 -97.7417
45966 34.0926 -118.338
10448 35.7279 139.514
30199 42.9263 -71.4597
8517 40.7117 -74.0059
9026 29.5682 -98.482
26949 51.524 -0.140295
9928 36.0148 -87.9284
4960 25.7517 -80.2609
12534 39.8838 -75.4122
1553 39.985 -105.239
50058 -51.7236 -72.4874
436 37.8275 -122.259
12479 47.6154 -122.323
35696 35.4547 139.45
24727 37.8313 -122.285
13659 34.0195 -118.491
19504 52.6371 -1.14139
40674 -30 26
36716 39.8617 -104.673
1116 37.5735 -121.888
9435 37.7892 -122.459
21819 35.5618 139.714
4917 59.9132 10.7389
24434 41.3832 -71.6417
37423 42.2814 -83.3863
1622 40.7668 -73.8651
32952 47.3733 8.53667
20877 30.2672 -97.7431
55059 40.6219 -79.9249
22367 34.9249 -81.0251
17552 39.6686 -104.988
6928 34.7579 135.534
36498 39.2333 -94.6517
37268 34.8658 -82.3461
9358 33.7487 -84.4131
9331 33.7745 -84.3715
42823 -33.45 -70.6667
10544 53.7965 -1.54785
56748 39.2188 -76.6242
47897 37.6126 -77.3538
7723 30.3755 -87.1171
43779 39.4143 -77.4105
18404 35.2836 139.667
17816 35.5656 -97.5312
13376 8.35333 -62.6528
11637 59.3286 18.0795
19322 28.0222 -81.7329
33573 33.0077 -96.795
33355 38.2542 -85.7594
44384 43.0529 -74.3437
43879 59.4832 18.055
55843 -31.9333 115.883
19738 40.4369 -79.8733
4842 39.1839 -106.817
7982 45.5235 -122.676
27473 13.7292 100.514
29815 41.6654 -87.6823
53692 28.05 -82.4929
42323 -33.0369 -71.651
31442 49.7557 6.63935
31340 40.7143 -74.006
12683 36.2083 -115.984
46803 30.2672 -97.7431
25014 -33.4573 -70.5975
30620 59.3385 18.0485
46961 36.2834 -95.6325
23757 32.4279 53.688
17959 41.85 -87.6501
52371 34.0736 -118.4
7683 41.7912 -87.8016
92 39.7501 -104.998
15985 34.0576 -118.233
44523 27.2939 -80.3503
18822 38.6327 -90.3126
56890 51.8 -0.2
4161 42.2459 -84.4013
2664 35.9251 -86.8689
12460 39.3702 -96.7148
29248 44.2863 -111.311
23250 36.9741 -122.031
25632 35.9171 14.4997
9931 21.0337 -86.8688
25355 53.5824 9.94983
12975 39.9056 116.396
35097 35.5754 139.567
13344 39.8007 -76.983
53074 -1.45583 -48.5044
34948 43.4525 -88.6243
22536 55.8843 -4.27766
28934 45.4971 -73.5736
51024 59.4441 17.946
51882 52.1392 5.04167
36672 59.3359 18.0666
11294 37.68 -121.774
19620 37.3202 -121.947
44714 -33.9167 18.4167
54566 50.0912 14.4007
57805 35.9878 -115.237
2723 35.7721 -78.6386
43433 32.7251 -117.164
50052 -33.035 -71.5978
53643 51.45 -2.58333
16757 42.0483 -87.6851
51257 -13.9833 33.7833
43959 -37.7885 145.307
33791 36.8468 -76.2852
56271 58.9678 5.75135
38554 33.6608 -117.383
21149 47.6588 -117.426
16143 48.2124 16.3719
39578 55.45 11.8167
24699 14.6292 121.099
52781 65.65 22.2333
25276 43.8833 -79.2699
45325 32.5401 -85.0985
31991 44.8192 -73.5084
1447 33.2338 -111.721
18372 51.5118 -0.041
25230 -27.4713 153.024
17990 39.9205 -104.866
52556 41.4069 2.18668
75 47.6141 -122.316
8228 37.2665 -121.942
8570 38.2529 -85.7494
56984 40.686 -73.916
875 39.7591 -105.01
6386 42.3058 -87.8542
50064 37.6664 -122.096
10610 35.1286 136.864
26718 45.5571 9.22185
33311 53.1 -2.43333
31025 40.7526 -73.9928
49209 54.6688 -1.22617
29987 54 -4
10100 41.8701 -87.7917
6909 42.5044 -83.1429
6170 34.2332 -118.562
51252 51.2324 4.58312
8004 52.176 21.0132
38692 -33.8836 151.197
39800 38.1604 -92.6082
14329 32.5449 -94.3674
45483 -34.2785 140.605
22043 48.4329 -123.369
9042 -25 135
19785 29.7286 -95.5697
15673 51.9849 5.10311
22407 41.4264 -81.8494
41065 21.5 -104.9
40211 47.683 17.6372
39209 50.7939 0.33256
6633 51.5055 -0.092406
13836 35.5443 140.179
12206 43.0389 -87.9065
9654 35.2915 -80.7264
24048 43.546 -96.7313
19234 41.6968 -71.4968
12540 40.8964 -73.9408
25307 30.4414 -97.6288
28358 35.6578 139.7
1896 41.5782 -71.6845
45593 36.2817 139.376
21352 34.0806 -118.325
25439 29.6427 -84.9162
56559 40.2969 -111.695
5778 37.7774 -122.513
56895 42.4088 -70.9957
8369 40.0255 -105.259
7646 40.3484 -79.9451
37788 39.7196 -104.955
14941 1.35208 103.82
17881 40.1572 -76.2034
53617 40.1145 -105.278
31660 45.4264 -122.748
27400 33.7962 -118.326
43250 33.5165 -86.7906
33441 39.0003 -105.501
4393 38.9147 -77.0461
32023 47.652 -122.353
23794 34.4208 -119.698
7374 36.0754 -79.7913
29580 22.2976 114.178
14697 20 77
10621 34.7545 137.694
32285 43.0457 -87.901
2088 39.682 -104.938
56222 36.7473 -95.9808
19533 49.2641 -123.25
39335 34.0522 -118.244
12190 40.0353 -82.953
14556 37.7749 -122.419
8101 40.4489 -80.1735
43162 30.298 -97.802
47398 43.9001 -79.1329
17862 38.8809 -77.0366
31919 45.5283 -122.663
25201 41.6689 -87.7387
44231 37.554 126.969
14730 53.4813 -2.23602
27771 30.2672 -97.7431
24400 42.2463 -84.4059
7883 9 -80
9534 37.4083 -122.146
16490 40.0207 -105.27
30859 33.6425 -117.92
23920 50.1167 8.68333
49929 56.6667 16.3667
11836 33.6787 -117.669
15895 25.7743 -80.1937
57645 57.7058 11.9582
29702 41.85 -87.6501
14149 33.8353 -117.915
39127 59.332 18.0797
18319 -37.8333 144.972
22861 41.4681 -87.6851
11689 35.63 139.794
45323 39.6 -106.25
3511 32.7833 -96.8052
4381 40.6584 -74.2996
13429 7.98431 98.3307
38596 35.6016 139.328
40231 40.7143 -74.006
2825 35.6927 139.777
14735 53.338 -2.23169
42244 30.5455 -86.1096
38738 43.05 -89.3256
29566 39.091 -94.5769
30703 31.7538 -103.151
24209 35.7943 -78.7097
10977 35.687 139.697
2255 33.7766 -84.296
29356 36.0331 -86.7828
20588 47.5501 -122.057
41171 22.5455 114.068
32202 36.595 -105.449
25595 39.4027 -84.5674
14532 51.45 -2.58333
56381 40.1304 -82.9917
11763 51.3794 -2.36556
19966 40.7655 -111.851
45916 34.7609 137.337
6122 33.0462 -96.9942
26652 41.09 -73.5178
43330 63.4167 10.4167
28824 18.437 -66.1475
34966 16.1667 107.833
11263 35.1761 136.892
46680 25.882 -80.242
27772 -8.79883 115.208
14933 50.8784 7.12191
1638 48.7478 -122.48
3344 45.9253 6.86979
19888 39.6133 -105.017
19417 21.2915 -157.84
29903 45.5252 -122.681
27592 59.6167 16.55
40103 41.9761 -87.6698
11377 -33.9324 151.183
7339 39.0544 -94.5802
40476 35.2939 -80.7476
117 38.8855 -77.0977
52899 55.4667 14.2833
25687 37.7559 -122.407
33993 30.3396 -97.7381
15266 29.4251 -98.499
5866 26.1223 -80.1434
15755 33.0198 -96.6989
38146 34.0464 -118.448
4140 43.7656 -79.412
34860 52.4081 -1.81071
32752 48.2133 16.354
37856 30.1135 -81.7049
56066 40.1 0.15
15317 35.656 139.696
50563 33.8536 -118.134
18039 43.7001 -79.4163
26325 35.6719 139.654
37535 56.6648 12.8779
1362 37.7525 -122.414
5159 41.1239 -100.765
17984 34.0007 -81.0348
48701 33.7878 -84.3738
19305 37.4473 -122.16
26020 23.02 113.752
47466 28.0348 -80.5443
1542 37.6938 -97.2566
24607 51.4022 -0.663078
12426 -37.8009 144.977
51966 56.05 12.7
48423 42.9864 -85.6955
7280 25.8547 -80.1217
1801 37.8044 -122.271
8750 33.0514 -96.7953
57413 6.43333 7.48333
45453 38.9048 -77.0228
5880 40.4501 -80.0589
17865 38.999 -77.0244
15621 51.8667 0.683333
7348 39.12 -94.5892
46459 40.4259 -86.9081
9700 44.9448 -93.1022
43062 52.2667 -2.15
32162 37.4268 -122.11
15509 39.0987 -94.5829
8480 35.6938 139.704
30657 -37.8159 144.959
9539 37.4009 -122.108
45634 35.6657 139.733
7131 39.8212 -75.0682
561 40.7853 -111.982
35345 45.4618 -122.718
9866 28.5179 -81.1551
32308 42.3635 -71.0595
14193 44.98 -93.2638
17311 28.0546 -82.4291
35540 33.0018 -97.2288
3168 44.9161 -93.1018
