47294 35.6837 139.769
27890 55.6456 -3.1394
26475 51.4225 -0.208634
13156 44.0749 12.3348
7018 27.9769 -82.5334
27487 41.9164 -83.3977
39416 41.482 -81.7982
6651 39.7047 -105.081
47843 29.7633 -95.3633
2098 40.7608 -111.891
4555 41.4631 -81.9553
52065 62.1065 7.21252
28629 42.9659 -78.87
968 39.7483 -104.989
7288 39.1847 -93.8799
7003 40.8578 -74.1432
44679 59.3833 18.0667
10076 28.3674 -81.5606
35892 32.8609 -97.3169
55538 41.3888 2.15898
7287 30.45 -87.8078
34426 45.5168 -73.6492
29459 55.7751 -3.94013
35859 52.213 6.87921
58047 6.43333 7.48333
9823 21.2925 -157.841
33744 55.6326 13.0715
24828 63.4575 10.9242
24818 36.4924 -76.1583
50585 59.737 30.5714
39078 47.3519 7.9069
15766 36.1097 -115.17
38219 39.7759 -105.125
46614 52.2306 5.1678
42608 41.0138 28.9497
52137 43.6464 -79.3955
38231 29.7633 -95.3633
52034 48.1997 16.3241
19281 29.7187 -95.3817
26890 36.5298 -87.3595
23546 25.7743 -80.1937
36686 29.8918 -97.909
278 34.1115 -118.337
38994 43.0731 -89.4004
41916 33.749 -84.388
32100 47.8304 -117.425
57575 35.1476 -90.0514
48078 29.9333 -90.0831
4685 42.3499 -71.071
21400 41.9546 -87.6479
22061 47.715 -122.353
13933 40.7218 -73.9939
22199 38.9517 -92.3341
6468 47.3007 -122.359
36750 36.8529 -75.978
21792 35.7061 139.559
44980 -26.2 28.0833
55644 33.9533 -117.396
53200 41.0476 29.0241
57489 42.3876 -71.0995
20768 33.041 -84.9894
24084 51.2141 6.7551
34444 -33.9337 151.168
22043 36.0972 -115.147
32862 -33.8767 151.213
7505 39.6021 -104.989
14269 27.9444 -82.461
12037 55.6425 13.8588
46239 34.0825 -118.378
45849 59.8333 10.4333
42777 38.8351 -77.3108
56961 33.9022 -118.082
53090 43.0708 -77.6074
1409 41.5146 1.73411
44822 53.7965 -1.54785
36100 37.7859 -122.41
19476 32.814 -96.9489
17629 32.8927 -96.8038
41015 40.744 -74.0324
13082 32.7943 -96.7999
18020 45.4112 -75.6823
56199 43.6379 -79.421
38 60.1627 24.7094
26200 34.0548 -117.97
1858 39.9778 -105.132
6295 48.4293 -123.361
1118 36.1112 -115.174
47818 41.8795 -87.6243
34197 52.0363 4.32501
2365 35.8733 -78.6224
58153 33.8719 35.5097
30928 38.6474 -90.3158
32140 37.771 -122.403
685 41.8803 -87.6338
5907 45.5168 -73.6492
42862 41.6047 -85.0553
25170 37.5605 -121.957
9361 33.7748 -84.2963
26939 35.6843 139.786
38515 34.7161 135.235
34592 -35.05 138.517
17997 37.7564 -122.421
9022 37.7749 -122.419
41663 61.2667 24.0333
9928 36.0148 -87.9284
2507 35.7721 -78.6386
37951 36.8475 -76.1184
8382 50.8484 4.34932
11792 35.6772 139.517
14160 26.449 -82.0223
42401 10.3182 123.904
49097 42.0039 -87.9703
34991 40.7511 -73.9942
9008 33.3766 -86.8071
27530 59.3295 18.0626
52775 22.5697 88.3697
32336 51.4684 -0.018219
3106 41.3973 -73.6171
8510 40.0003 -86.2503
31664 -7.24917 112.751
56365 15 100
47838 36.0313 -115.074
38793 37.3394 -121.895
48030 37.4927 126.924
7389 40.654 -89.5309
19653 39.7164 -104.988
50812 33.8333 35.8333
33560 43.7001 -79.4163
16038 42.9513 -87.9293
50850 59.3696 18.0637
32987 41.4988 -72.9015
13327 40.8875 -73.9771
26102 22.284 114.15
12107 37.9833 23.7333
43453 40.7143 -74.006
44217 42.0704 -72.0257
7314 49.5833 7.61667
969 39.0987 -94.5856
27698 41.6253 -87.7175
42644 38.9807 -77.1003
41856 42.001 -87.6647
12583 58.1474 7.99951
36226 30.2677 -97.7415
10473 34.6254 135.495
5644 41.6962 -73.8756
31782 33.7768 -84.3896
3425 35.6718 139.765
23924 50.1167 8.68333
50766 34.1755 -118.55
13072 51.4821 7.2172
46697 40.2847 -76.6489
6472 26.3587 -80.0831
56337 55.667 12.5803
746 40.2329 -74.001
19557 45.5235 -122.676
24039 32.4316 -80.6698
25913 43.1133 -87.9001
39752 37.6507 -122.094
30664 37.7697 -122.449
896 38.9527 -77.4478
26465 51.2833 -0.316667
52616 44.5046 11.3312
4176 -32.75 151.583
16823 34.005 -118.81
19129 41.1619 -81.386
52138 51.7147 -3.34333
671 55.6818 12.5776
21009 37.3551 -122.111
12951 54.95 -1.46667
40123 38.8003 -90.6265
31533 49.7878 9.93611
32884 48.1377 11.5744
44951 47.4021 8.49773
25578 59.3719 17.8222
58005 51.5406 -0.143337
33531 -37.7536 145.169
439 39.3038 -76.8434
1511 33.808 -84.3937
57811 45.457 9.17668
15823 37.5156 140.382
8554 43.6493 -79.4078
53941 36.0944 -115.042
43469 37.4867 -122.215
34271 38.8943 -77.4311
2912 38.7589 140.285
26988 43.6615 -70.2553
8514 30.2672 -97.7431
51079 55.8754 -4.2933
48828 53.4365 -1.53655
8290 37.4034 -121.99
8899 29.7633 -95.3633
4277 42.7325 -84.5555
21315 47.9352 -122.214
46692 28.5383 -81.3792
11870 51.8915 4.49754
11494 27.9915 -82.342
37156 36.3132 -119.778
24934 50.7333 7.1
1153 40.4227 -104.735
44877 59.3324 18.0672
45643 35.7239 139.522
15755 33.0198 -96.6989
13953 37.451 -122.155
37700 40.9126 -73.8371
50082 30.2479 -97.7553
32107 39.8787 -104.682
30918 59.3667 18.0167
1138 41.8688 -87.6262
31864 39.7322 -104.96
49912 33.8469 -118.394
13605 35.7721 137.7
42714 30.7635 -88.1269
36963 49.2826 -123.124
258 42.2779 -71.0193
30324 32.6617 -117.03
21658 38.9842 -77.1673
27177 40.2151 -82.8799
20858 -33.7667 150.867
36923 39.9259 -75.1196
54261 25.3622 55.3911
33194 43.3 5.4
34629 29.2796 -94.8038
5228 42.1051 -71.0256
7363 33.749 -84.388
56355 41.7992 -89.6487
35861 36.13 -115.119
47160 47.459 8.16623
14656 37.4204 -122.214
3031 35.7361 139.629
11353 52.7073 9.30876
8658 40.1184 -88.243
29001 45.4903 12.2425
9733 39.062 -77.4688
17441 37.5841 -122.366
28085 32.7153 -117.157
6526 37.6155 -122.39
28384 33.7726 -118.142
5629 38.8821 -76.9953
6665 30.3163 -81.6643
42368 51.5167 -0.05
18795 39.6425 -77.7176
25197 37.3659 -79.2974
22137 41.66 -72.7212
47150 37.7749 -122.419
18652 -27.3959 153.105
47342 50.7694 -0.778541
7602 41.3446 2.11018
32581 39.288 -94.7379
57161 40.7282 -74.0776
1190 39.7598 -104.984
27936 38.8963 -121.069
51971 45.0205 -93.218
3427 20.6138 -100.403
51934 10.7723 106.692
19159 29.7849 -95.3878
15388 35.6831 139.697
23799 26.1223 -80.1434
40945 38.3202 140.879
57955 41.85 -87.6501
47999 55.6854 12.5193
46446 25.7907 -80.13
17157 40.9577 -74.4919
2519 47.5569 -121.988
14906 47.3877 8.52152
21791 35.7087 139.666
16507 48.8167 2.2
14896 42.0334 -88.0834
34659 39.86 -88.9484
50985 40.7411 -74.2784
17055 59.2985 17.9915
17588 34.4264 -117.301
47843 29.7633 -95.3633
22171 33.8536 -84.566
29745 27.3158 -80.3624
36612 33.8128 -84.3078
31641 29.5069 -97.9157
54298 53.8167 10.3833
35854 30.0972 -95.6161
11696 35.7265 139.648
55858 51.5812 -0.11947
37013 -31.3667 -64.25
9588 30.2555 -97.7621
35031 37.4767 -122.139
563 41.9321 -87.6984
4590 29.426 -98.4408
14488 32.7101 -117.16
16777 40.8612 -73.9756
32501 28.0692 -82.5739
21602 39.271 -103.707
6709 47.2529 -122.444
12674 37.4263 -122.155
11080 53.4618 -2.23251
5748 42.5201 -70.8954
3078 38.926 -77.0813
11815 35.6814 139.766
11267 35.172 136.884
14173 37.7338 -122.458
16457 34.0478 -118.25
21818 35.6662 139.731
6878 39.2845 -76.5917
40376 42.8584 -70.9301
8697 61.1145 -149.938
3817 52.0026 4.37355
20066 60.4529 22.3007
43324 55.6797 12.5337
15875 34.7461 135.355
27320 41.3719 -81.8708
12408 39.2461 -94.4191
19545 21.3485 -157.859
49393 48.6433 2.3298
1261 23.1167 113.25
46190 44.0266 -116.963
14057 42.2671 -89.0862
30986 39.5118 -119.807
34931 -6.17444 106.829
23872 35.5752 -77.3094
6184 48.7639 -122.508
21038 39.1653 -86.5264
18535 30.4391 -88.895
3650 32.9169 -96.5985
30741 33.9414 -118.302
30677 33.5953 -112.687
44079 41.9142 -88.3087
45150 59.9167 10.75
40273 51 4.63333
50780 43.6346 -70.3375
32280 -37.9061 145.057
16449 39.6242 -104.895
12141 34.1808 -118.309
16494 48.7808 2.22272
27438 33.9998 -117.98
20883 35.714 -83.5113
7542 30.2026 -97.6681
13013 40.8938 -74.2305
12960 39.9056 116.396
27051 43.2614 -79.8799
39385 29.5505 -98.5995
22314 33.6 -117.672
11408 38.656 -90.3279
38538 32.1525 -90.3297
30460 32.9102 -96.5568
46934 33.9806 -117.329
31449 33.898 -118.007
36212 50 8.27111
7846 44.9446 -93.0998
38478 34.216 -119.035
43121 41.8098 -87.8258
35755 25.7814 -80.1307
10140 26.1191 -80.1413
7885 21.3069 -157.858
52112 31.9036 118.791
11802 39.9333 -105.067
18343 41.7524 -70.4936
13739 41.8106 -88.3474
50916 48.8598 2.32549
52300 41.2561 -95.9413
19878 -12.9333 -74.25
34128 45.4248 -75.6992
32108 36.3941 -105.581
11313 35.1685 136.888
17161 18.5019 73.8806
3649 39.6284 -84.1594
8944 46.85 9.48333
19520 41.8635 -71.3993
46524 43.7773 -79.2601
41301 32.8507 -96.7712
15451 35.6646 139.732
29195 52.0758 6.17917
17910 35.668 -97.5141
31578 39.0843 -108.556
4797 39.1653 -86.5264
6689 39.0003 -95.4139
39142 44.98 -93.2638
4979 40.7443 -73.9962
34203 50.883 5.98093
29597 43.3713 -84.6576
12399 45.4234 -75.6248
27647 32.8184 -86.6079
12892 42.5383 -6.51981
1467 26.5833 -81.8973
57489 42.3876 -71.0995
57838 45.57 -73.692
29014 41.4784 -81.5498
18902 30.4383 -84.2807
53364 51.5024 -0.119176
7453 45.5886 -122.591
15159 32.9374 -80.0772
52806 52.0787 5.12007
26808 37.3823 -89.6662
37782 43.6615 -70.2553
51497 -23.2336 -45.8805
56244 51.55 -0.05
35111 28.0296 -82.5238
44679 59.3833 18.0667
11793 52.9691 12.9844
49836 50.7063 7.05855
8383 32.7556 -97.3306
46637 51.1233 3.13494
7631 21.3141 -157.869
49110 53.55 10
22564 40.759 -73.9668
53952 35.8644 -83.5758
22587 40.7143 -74.006
39006 43.1775 -83.7341
5707 38.9264 -77.2395
23196 41.3944 2.11312
42623 34.6937 135.502
36884 38.133 -77.5124
25946 38.9147 -77.0461
4799 39.9528 -105.169
35728 36 138
51389 38.6364 -77.2962
42312 -37.8441 144.978
8753 32.79 -96.8113
50580 37.1402 -76.5377
4986 46.9158 -122.279
14677 40.015 -105.271
20066 60.4529 22.3007
30988 39.5283 -119.823
5941 50.7541 -1.29631
22027 34.7304 -86.5861
36248 49.2235 -122.942
5358 52.3709 4.87974
41472 35.7079 139.771
37585 42.2389 -83.7424
2614 39.3271 -82.0992
4604 40.015 -105.271
23338 39.9523 -75.1638
16423 42.4334 -71.4495
10746 29.6469 -81.629
29826 39.321 -111.094
9590 33.5549 -101.913
26666 29.7119 -95.4002
7339 38.9108 -94.3822
4796 -80.1937 25.7743
38531 32.2865 -90.2539
50339 55.7011 12.5444
30159 12.9762 77.6033
50991 48.1526 11.5402
39248 39.5271 -104.922
47276 30.1199 -95.4247
53084 55.8833 -3.53333
26672 35.7259 139.538
15081 36.5982 -121.895
32599 51.1652 -115.565
13227 52.0667 1.1
28025 26.9 -101.417
30664 37.7697 -122.449
46775 40.7608 -111.891
15439 36.2247 139.735
41144 59.25 14.25
13573 37.3161 -76.7422
52326 22.3381 114.182
29874 40.7341 -73.9908
32360 37.7665 -122.43
49469 -22.8465 -43.2838
38450 52.5372 13.4211
6325 38.9694 -95.2358
20501 36.1952 -95.8851
1389 34.5112 -82.704
37053 59.9132 10.7389
20157 40.4165 -3.70256
50637 49.4282 8.68756
457 37.7749 -122.419
55410 50.0167 8.78333
34780 35.3012 -120.677
47273 59.4032 17.9448
25956 29.7808 -96.1572
33683 45.5241 -122.676
48953 40.8929 -73.9726
1539 34.0176 -118.487
57124 42.4311 -83.4833
12006 52.9981 6.50666
4981 39.7392 -104.985
50282 37.2502 -119.751
10209 30.1888 -85.7134
22098 29.7682 -95.3809
56494 42.087 -71.4078
21552 48.4595 -122.345
53714 30.4245 -86.8378
45481 -34.8843 138.66
50535 47.4415 -122.304
42639 51.426 -0.23673
33916 38.8521 -77.0377
34220 37.2702 -79.9598
11854 -5 120
29916 53.3117 -6.34108
6443 26.1223 -80.1434
40948 36 138
23379 -23.5475 -46.6361
17427 34.0305 -117.756
10915 36.154 -95.9928
39928 34.0406 -118.347
44830 51.0167 -4.21667
46290 60.2541 24.9992
37794 -27.501 153.013
37821 38.9685 -95.373
23395 33.1879 -96.6528
37721 49.6841 -112.892
47889 35.5917 139.676
