7147 51.2839 -0.753157
16524 52.6758 -0.29686
3043 5.61667 -0.016667
46232 41.491 -81.9355
11116 52.1346 -0.466318
17051 32.9744 -97.0167
23923 48.0521 8.2063
29283 33.9565 -118.439
24623 55.6784 12.5364
16502 48.8793 2.38238
52732 41.4906 -71.5268
22706 55.85 -2.08333
30783 -27.9466 153.371
25917 41.682 -85.9767
8844 37.79 -122.409
47270 39.9688 116.439
26517 35.658 139.7
878 39.8166 -105.081
2070 43.7404 -79.1991
26784 34.1676 132.178
54011 -35.1333 138.517
7162 45.4577 9.15308
49377 -37.8158 144.973
26016 25.7916 -80.1862
37185 40.8795 -73.8458
40783 35.6653 139.726
10364 34.6928 135.198
12673 51.518 -0.081995
28563 41.5064 -81.6791
43126 41.9429 -87.6789
10587 52.9536 -1.15047
21978 34.0673 -118.401
30988 39.5283 -119.823
11495 39.7684 -86.158
7266 39.0399 -94.5882
23062 32.7831 -96.8067
15451 37.3443 140.674
3444 -35.2167 149.083
21309 48.0596 -122.203
53879 51.5236 -0.083418
40041 37.7749 -122.419
2165 40.4816 -74.2739
8241 41.3822 2.18865
8743 49.4719 17.1118
22166 -32.2833 115.717
53488 33.9817 -118.225
7082 40.7143 -74.006
28769 44.85 -0.571321
40544 50.4667 4.86667
2335 35.9036 -78.8645
13673 38.0176 -77.5153
43444 -33.4288 -70.6183
39241 50.0529 8.57002
1143 33.5005 -112.074
29962 32.5924 -83.6687
51961 -33.9425 151.183
22144 37.7974 -121.216
49181 46.8772 -96.7898
22719 54.2583 -7.44313
43288 34.1799 -118.877
1819 27.9369 -82.4753
41285 35.6813 139.769
7852 44.059 -92.451
30763 14.6042 120.982
26162 47.6696 -122.385
7337 54.526 15.2551
11011 35.7374 139.674
8479 34.1808 -118.309
32259 37.9025 -122.705
29477 -7.97778 112.628
12825 41.9362 -87.6977
30946 39.9511 -75.1638
25719 42.3643 -71.0914
21972 40.6382 -111.888
11920 32.8433 -96.8508
37150 42.85 -2.66667
31443 50.026 8.11029
32647 45.16 -92.9933
45186 51.7522 -1.25596
20603 34.0544 -118.423
39683 33.923 -117.613
10725 34.9029 136.949
23164 33.0797 -96.8231
14540 37.3413 -6.05897
33133 40.6425 -73.7881
40545 50.4929 5.86677
26237 36 138
17494 35.6624 139.709
56101 48.314 11.5486
27782 -6.06306 106.119
5422 48.2497 11.4435
52129 53.5333 -0.033333
12116 60.075 23.6704
18534 33.5449 -112.075
8371 39.8247 -104.979
38650 43.059 -87.8843
44942 52.2833 -1.58333
46639 50.7915 4.48743
49170 41.6103 -88.1981
49817 31.5339 -97.1298
5881 -33.863 151.207
52836 -23.5271 -46.6779
32505 50.9352 6.94758
4032 46.7348 -117.169
19494 57.031 9.94651
46479 32.3808 -86.3611
16462 47.1301 -119.278
36584 32.883 -80.0397
5697 42.7521 -73.6286
58147 39.9921 116.331
2625 30.2509 -97.7856
19451 40.7143 -74.006
27587 59.9167 16.6
31106 39.9056 116.396
38617 59.6167 16.55
39263 42.4489 -76.4797
14039 33.2713 -117.441
27992 40.4471 -80.0039
29675 32.8438 -96.8001
6152 36.1867 -94.1288
1570 39.5272 -104.766
50089 40.2171 -74.5599
26331 40.9922 -75.1748
43383 45.3034 -122.957
32918 39.9082 116.398
11103 43.2081 -71.5376
49593 32.7831 -96.8067
40083 53.3833 -2.6
56 47.6104 -122.201
53137 41.85 -87.6501
1794 40.1379 -105.123
21211 50.8195 3.26922
37997 29.7633 -95.3633
15486 35.7268 139.773
56631 34.889 -82.2762
8698 38.2552 -85.7568
14763 47.6518 -122.353
11811 40.7143 -74.006
34286 38.8607 -77.3845
15667 50.8333 4.3
11806 57.7016 11.9849
44859 51.5333 0.083333
35192 37.6283 -112.167
36328 47.6104 -122.342
3896 42.1352 -83.2241
9687 38.8737 -77.1543
43377 45.5126 -122.973
23051 42.3919 -83.0601
16342 34.0863 -118.374
32933 23.7231 90.4086
1747 37.7833 -122.396
12900 47.2168 -1.54621
13789 38.897 -77.0066
12437 38.9799 -94.6336
51205 -33.482 -70.603
35869 42.18 -87.9297
2851 40.811 -74.1234
17413 34.0327 -118.455
16808 42.8888 -85.6741
22670 52.1326 5.29127
43481 39 35
124 41.8476 -87.9543
10578 35.6731 139.76
26512 33.5833 130.4
44625 -33.45 151.333
37770 38.2776 -85.7372
15836 35.5609 139.788
11298 30.7372 76.7872
9666 53.3705 -6.20046
12353 30.1221 -96.8537
46637 51.1233 3.13494
34556 50.7029 4.37546
10844 46.2502 -94.2506
38087 38.2761 -108.558
45529 42.3584 -71.0598
41173 53.4167 -2.3
36725 34.0211 -118.396
2269 29.9879 -95.1942
38811 36.0584 -90.4973
44619 -38.1389 144.349
11082 53.4636 -2.23167
26849 33.9968 -77.9072
228 37.8544 -122.258
14681 33.0146 -97.097
30872 43.7001 -79.4163
35888 14.5515 121.021
17845 39.0062 -77.4286
49852 10.5 -66.9167
12062 41.328 -75.7974
22238 48.4329 -123.369
21804 35.4662 139.623
55603 33.2995 -111.98
2557 35.8393 -78.679
30449 1.29306 103.856
37344 45.4535 -122.579
1492 60.2167 24.6667
56417 52.5026 13.4468
33187 39.0997 -94.5786
22027 35.6151 -87.0353
40092 -32.95 151.667
8735 27 30
53247 40.3375 -74.8105
44417 47.6046 -122.191
23640 30.0598 -95.1592
1630 37.9901 -84.1796
52436 45.5186 -122.707
2323 26.0051 -80.1455
13943 39.1446 -76.8122
55759 -33.8378 151.207
57309 47.5813 7.60661
27639 29.0405 -98.5681
35071 40.8068 -74.1854
37845 44.98 -93.2638
27498 50.9238 5.33953
26429 27.8922 -82.6682
18980 39.4021 -75.0393
27480 51.4504 -2.60093
33021 42.0654 -71.2478
52492 39.9792 116.299
28825 52.5564 -0.228936
12084 51.5084 -0.125533
45466 42.8864 -78.8784
32183 -34.0195 151.033
7741 32.5333 -117.017
13723 33.3173 -111.968
29218 -23.6288 -46.6645
19470 33.9931 -117.969
12295 32.8715 -96.9425
20690 37.8643 -122.295
23945 51.9255 8.40449
21052 38.5951 -90.5462
57654 41.1981 29.0303
2253 41.8528 -87.6117
55925 52.9067 -1.38411
9889 51.05 3.71667
2331 41.9337 -87.6457
38577 33.9824 -118.427
39458 33.6378 -112.021
28630 28.1783 -96.806
30889 35.0439 135.785
24779 35.802 -78.7179
12479 47.6122 -122.333
22925 26.6344 -80.0538
57629 37.6475 -77.625
9684 41.9425 -87.6448
40774 35.7043 139.6
44375 37.7419 -84.3026
18198 41.1192 -85.0998
40902 38.9807 -77.1003
18854 40.015 -105.271
40691 35.344 139.342
7431 40.6925 -74.1687
20894 40.7477 -73.9982
46490 55.6777 12.5709
50674 59.9238 10.7593
22195 37.767 -122.422
4170 35.121 -89.909
33173 37.7923 -122.4
51066 42.8915 -88.0344
16625 28.5253 -81.2216
18509 52.2201 -0.89897
11060 33.501 -111.92
6771 29.5219 -98.4929
26703 4.84825 114.699
56569 39.2958 -76.6078
17187 49.2217 -124.004
3958 41.1819 -81.4163
28670 35.6835 139.571
4434 40.7503 -73.9912
15299 35.7054 139.635
22887 33.2148 -97.1331
10505 47.4512 -122.21
3078 38.9209 -77.0718
12187 32.8753 -117.24
17872 39.7392 -104.985
31708 33.4379 -111.73
3190 41.985 -87.6589
12147 40.7445 -73.9871
40814 35.164 136.963
40273 51.15 4.35
24078 48.8035 2.12441
21759 10.1215 -72.0099
33886 28.6252 -81.4
13473 31.2583 -85.4338
28731 35.0294 135.779
41872 28.3936 -81.5387
36315 38.7512 -77.708
22528 60.3591 5.18466
19973 47.6163 -122.346
50213 34.0754 -84.2941
22730 47.6061 -122.333
45824 59.6667 5.93333
7187 33.1157 -117.12
3487 51.4988 -0.380409
33136 40.7559 -73.9936
22422 63.4325 10.3894
41009 51.1303 -114.101
752 37.5623 -122.325
54618 -34.7833 149.417
34117 51.7995 1.12294
28305 35.134 -106.704
45852 59.8833 10.3
6116 34.0522 -118.244
42486 25.0485 121.562
53703 45.4907 9.18742
25443 51.5406 -0.143337
4168 29.6384 -82.3265
40207 28.5383 -81.3792
57042 38.8032 -77.0657
25773 29.805 106.396
1789 29.7181 -98.0895
11806 57.7016 11.9849
2091 34.7355 135.298
31472 47.2667 -0.083333
19021 59.445 18.0714
43598 40.7402 -73.9918
54855 51.4918 -0.223389
11075 53.4833 -2.65
5465 40.7143 -74.006
22616 40.3675 -74.2001
12190 39.9859 -83.0206
52105 -37.9367 145.034
7666 39.9127 -105.04
41060 36.4196 -5.16652
15516 39.0339 -94.5827
23353 37.814 -122.282
24779 35.802 -78.7179
15918 40.7143 -74.006
24380 38.5449 -121.741
41853 43.7001 -79.4163
2071 32.1678 -106.666
40507 45.4694 -122.628
16183 52.3788 4.63016
50285 59.3105 18.0758
35888 14.5515 121.021
32721 52.3731 4.8999
8481 47.5667 3.65
26968 43.6793 -70.4397
33494 53.3851 -2.62686
57398 51.5084 -0.125533
17629 30.9516 -97.5366
33270 26.4438 -81.7869
41847 43.6862 -79.299
46945 37.7749 -122.419
18762 35.4386 139.626
2992 33.8114 -117.917
28678 35.6871 139.699
37327 41.8719 -87.6336
12283 41.9756 -87.6599
35794 43.2 -79.1667
5856 39.3935 -77.3643
6801 39.4143 -77.4105
26889 34.0522 -118.244
27867 43.5279 -80.2231
31001 45.5222 -73.551
44197 41.8559 -72.6681
3794 47.7281 -122.22
29806 41.6303 -87.8539
16250 35.7111 139.796
15712 59.9326 10.7594
86 39.7166 -104.988
4830 38.9187 -77.2311
6663 36.8511 -76.0215
49372 -34.9194 138.599
28913 41.9 12.4833
19885 51.5147 -0.130251
4902 40.0777 -86.9033
45834 59.9132 10.7389
2186 46.3724 -101.941
14600 50.0878 14.4241
46166 33.7456 -117.868
50216 40.7231 -73.7652
20268 60.235 24.7664
13383 40.7143 -74.006
51511 18.3547 -66.0074
37173 51.7118 5.30733
44490 41.9687 -87.6903
5424 -33.8947 151.182
50955 -24.32 -46.9983
56747 43.3213 -88.0297
23169 37.8216 -122
40559 32.0959 34.8228
58032 42.4154 -82.9376
56416 30.3522 -88.5114
45026 41.9374 -87.6551
34989 51.0376 -114.093
22457 70.0523 24.986
34689 37.3848 -82.8813
23929 51.9624 7.62571
27397 21.3867 -158.009
42121 38.1302 -121.272
28766 43.4742 -0.924482
474 42.2012 -85.58
17215 39.3685 -76.6212
15575 48.7475 -122.481
42179 43.7001 -79.4163
55080 59.4339 24.7281
33093 39.6604 -86.1943
19773 29.7228 -95.4703
34968 47.649 -122.325
1700 39.5427 -104.936
3521 -26.1797 28.0158
22394 40.7143 -74.006
30179 32.7831 -96.8067
35700 33.2774 -111.791
35162 29.579 -98.555
29641 38.99 -77.0975
26387 31.0391 31.3797
43565 56.0333 -3.35
22948 41.5705 -73.0412
20598 33.6027 -86.8068
13935 42.5792 -84.4436
7806 29.957 -90.075
17899 37.7749 -122.419
5201 32.7952 -111.648
7973 42.275 -71.088
23034 48.8078 2.39719
20305 60.1561 24.7022
44618 -37.8099 144.993
15914 43.4217 -70.5529
49643 26.3974 -80.1545
26775 41.3626 2.13713
512 37.7589 -122.388
3701 39.6301 -84.2258
544 37.9877 -122.01
39028 -27.4 152.967
51674 52.0908 5.12222
8822 46.92 -95.0587
37757 33.7813 -118.146
42564 44.6462 -63.5729
18985 41.6005 -93.6091
56276 52.3 -0.7
37704 40.7143 -74.006
8918 47.9933 7.84836
24655 38.5833 21.6667
11430 40.7214 -73.9977
10621 34.7545 137.694
10567 57.6978 11.9797
14168 33.2 -117.243
7493 37.2717 -79.939
3999 58.4137 15.5706
1175 33.9425 -118.407
16820 34.4109 -119.529
23315 -31.9333 115.833
41861 40.7248 -73.9862
29365 33.2995 -111.742
47879 40.6277 -73.9628
33289 40.988 -74.3798
2451 35.6009 -82.554
30963 30.8327 -83.2785
22858 37.9748 -87.5558
11225 39.1157 -77.5636
47950 43.4815 -110.761
13212 56.95 24.1
15890 38.7071 -121.281
17587 47.6132 -122.345
3063 42.3557 -88.2697
23654 37.667 -77.4605
20577 35.9484 -86.8385
18321 13.0878 80.2785
40330 40.0144 -75.1866
25520 45.591 -73.436
10271 28.3295 -81.5336
39667 32.4655 -84.9937
31041 42.4513 -84.4295
7862 34.7064 -86.5562
51151 25.7634 -80.2962
37303 38.9126 -77.0091
8002 44.9444 -93.0933
24751 34.1235 -117.294
14080 52.9333 -1.48333
1042 39.7975 -104.929
7629 52.3373 4.94328
9589 53.4228 -7.93919
3074 29.6137 -98.4983
49438 53.4809 -2.23743
39613 38.9717 -95.2352
6367 46.0553 14.5144
35421 31.2297 121.476
6578 6.68333 -1.61667
42912 35.8332 139.385
34611 51.2376 -0.568083
9966 32.8302 -97.1972
40536 51.3147 -0.512939
3678 14.6292 121.099
12349 53.8009 -1.59572
54091 38.8826 -94.6007
34807 51.0501 -114.085
26582 47.7526 -122.279
17250 51.2098 3.225
53107 -27.4592 153.038
14713 53.5333 -1.05
57157 38.5897 -90.0159
4069 41.8877 -87.6235
22709 54.0313 -6.13617
19705 29.7159 -95.4146
1810 38.2491 -85.7449
29693 53.4767 -2.24442
4494 35.0394 -89.7201
1897 40.7562 -73.9853
2028 39.7392 -104.985
51276 54.6159 -5.92136
31395 34.0522 -118.244
26497 28.4681 -16.278
30981 37.3938 -122.079
22374 40.2243 -75.5144
2388 35.9114 -78.8779
54654 51.0592 -3.18778
50668 52.6823 -2.06943
7251 36.8686 -76.2111
49055 39.9523 -75.1638
14326 29.7213 -95.3888
51886 52.3691 4.8906
28964 43.2261 11.4118
30788 33.8577 -98.532
55970 47.8107 -122.377
24885 57.684 11.9679
49820 48.1834 11.4051
15523 38.9397 -94.603
26995 41.5457 -71.2914
2700 35.203 -80.8456
11216 39.1157 -77.5636
14311 32.3513 -95.3011
3591 39.945 -105.817
22883 32.3513 -95.3011
33742 44.9807 -93.2689
15852 43.0763 141.339
1223 33.9533 -117.396
44192 61.1955 -149.84
15427 35.5522 139.78
311 37.8035 -122.403
10490 38.1772 -85.6199
13324 24.1667 120.667
53665 35.6928 139.418
9907 37.7214 -87.1191
29609 53.6975 9.72261
20051 37.5928 127.017
38714 -27.9324 153.4
33614 40.7408 -96.6777
21175 39.735 -104.986
18489 37 127.5
9212 -7.27809 112.793
20863 44.98 -93.2638
14938 28.5423 -81.3694
25989 27.8964 -82.6675
9654 35.5982 -80.4656
23092 39.0852 -94.5929
27783 40.8703 -73.9242
19015 39.8952 -75.2174
14173 37.7786 -122.395
20021 41.6003 -93.7941
39266 47.393 8.48588
14005 34.0153 -118.494
23812 37.4151 -121.897
22757 41.9038 -87.6362
6335 35.6107 -97.4618
29523 51.5362 -0.10304
4189 -35.3182 149.14
16788 37.8309 -122.286
43134 29.2858 -81.0559
5345 52.0882 5.10615
14360 -37.814 144.963
35894 36.6437 -93.2185
17092 59.321 18.0578
35850 30.4245 -86.8378
10867 52.2231 0.225266
24968 38.8876 -77.032
14686 40.9415 -73.1059
24239 39.4956 -76.6547
37551 40.4815 -79.9745
40898 37.7755 -122.407
51472 50.4 8.55
13103 8.99191 -79.5063
28683 29.6547 91.1286
30199 38.6003 -121.546
40081 30.4482 -84.3172
22931 33.8303 -116.545
11207 35.6558 139.758
15344 39.094 141.708
47290 3.0439 101.581
49374 44.0945 -70.219
9602 33.4661 -112.077
10514 26.2196 127.692
14865 38.8386 -77.3222
43586 38.9175 -77.0344
34925 40.6077 -75.4928
24968 38.8876 -77.032
8833 36.057 -79.889
57334 47.7945 -122.335
54387 55.0164 8.43822
26545 50.1114 8.73868
11509 25.0479 121.517
11918 33.5933 130.351
57096 34.9821 -116.844
189 39.74 -104.972
38898 46.9134 -96.8264
16558 38.3032 -77.4605
4712 44.9862 -123.025
23975 25.0462 121.517
19538 39.0477 -95.6767
7554 36.1003 -115.17
29454 55.8333 -4.25
10078 52.4787 -1.90021
31641 29.5069 -97.9157
10769 35.5527 139.578
54840 37.5664 127
29160 52.4667 -1.91667
46554 40.7081 -73.9142
856 28.4075 -81.4503
7280 26.0031 -80.2239
28607 51.1219 16.9911
20177 65.0704 25.4252
50257 64.8574 -147.82
22566 42.3725 -71.1193
40952 34.4 132.45
6190 34.1044 -117.635
52501 42.2973 -71.0745
11359 28.0909 -82.7384
29455 55.7776 -4.26905
22774 35.3025 -80.7292
9926 38.0121 -87.5786
185 39.6403 -106.374
1716 38.9907 -77.0261
41719 11.25 75.7667
30705 -33.7641 150.774
30656 -37.7696 145.041
39822 37.7038 -122.475
54129 -33.3077 151.412
10371 33.6558 130.33
18459 35.6733 139.738
17974 -33.8767 151.213
12215 37.7876 -122.403
41450 35.2697 139.015
8219 33.4358 -112.009
52873 31.1359 121.37
27572 36.0395 -86.8694
36343 33.8092 -117.924
22729 1.35208 103.82
23929 51.9624 7.62571
9855 28.5383 -81.3792
15333 35.6185 139.728
19480 38.9108 -94.3822
54745 53.5614 9.96124
55144 57.0493 9.89252
1534 40.7293 -73.9979
28069 30.2633 -97.741
7047 38.942 -94.6863
38921 51.5084 -0.125533
35320 28.3149 -81.4395
41376 42.4443 -71.4028
7748 33.8778 -117.89
3667 30.525 -87.9009
14201 -33.8951 150.936
50129 26.101 -80.1398
48039 52.3917 4.61389
13752 28.5653 -81.3987
5000 43.5591 7.01729
7653 42.3005 -83.2336
26844 41.0889 -73.8604
45023 56.5 -2.96667
12201 34.0522 -118.244
46442 38.9002 -121.069
6846 38.9363 -94.7396
7189 39.7376 -104.989
35731 34.731 137.842
52847 47.6421 -122.326
3180 34.7043 -118.086
20601 33.8495 -117.86
6955 34.415 -118.505
34681 -34.5235 138.96
33577 32.8206 -97.2134
790 37.8313 -122.285
53533 41.8706 12.4797
25285 40.4564 -79.9303
26791 35.2925 135.124
1548 33.3068 -111.99
29270 42.5396 -83.3606
49785 28.3672 -81.5604
35696 35.6672 139.697
19371 21.2774 -157.829
47207 44.98 -93.2638
8047 40.7143 -74.006
42358 33.3943 -111.976
22876 35.1428 -89.9527
56582 51.4549 -0.431728
17188 35.667 139.73
11694 34.6937 135.502
20920 39.1851 -86.5412
20028 44.8352 -68.7372
22621 19.7993 -155.904
21318 32.7153 -117.157
11393 42.2711 -89.094
23286 33.4541 -112.07
14611 52.378 4.89873
15987 33.1959 -117.379
7378 40.4464 -80.1437
9597 42.6975 23.3241
37706 40.7143 -74.006
7724 33.9224 -118.204
2793 39.4739 -105.085
3328 40.7282 -74.0776
57091 41.8818 -87.645
8002 44.9444 -93.0933
11788 40.7143 -74.006
33308 39.7582 -75.5615
11634 -33.8402 151.207
10974 35.7416 139.338
39428 34.1867 -118.449
28103 42.0998 -87.7809
21997 35.7664 -78.73
18194 30.3698 -97.7132
11670 41.9298 12.4742
20149 43.0086 -89.7385
54568 37.7816 -122.408
26082 38.2655 140.866
3342 27.7917 -82.6796
55538 41.3888 2.15898
37587 34.09 -118.362
28576 38.6667 -9.06667
23948 51.45 7.01667
48036 50.8 4.31667
28000 28.2199 -14.0201
19375 37.7749 -122.419
19330 40.0383 -76.3091
56534 45.5235 -122.676
2253 41.8528 -87.6117
34989 51.0376 -114.093
3495 49.1099 -122.677
30248 36.1371 -115.102
10939 37.5585 -122.271
3966 35.664 -88.851
2109 19.7297 -155.09
9919 35.8715 -86.4909
29320 47.6133 -122.344
4955 39.7392 -104.985
28995 45.4953 9.17778
57741 47.6505 -122.35
15662 52.5019 13.3547
33188 39.0324 -94.6982
37807 33.596 -112.197
25301 45.9454 -66.6656
54307 53.583 9.98559
26663 43.6479 -79.3959
11159 25.0334 121.561
41126 35.4536 139.64
25151 38.9001 -77.0164
34173 51.8948 -1.14812
37714 33.94 -118.133
53179 44.6891 -63.8814
45426 42.3885 -71.1264
1794 40.1379 -105.123
47762 51.5084 -0.125533
57908 41.0138 28.9497
15841 32.8 130.717
22000 36.0221 -78.8097
32992 47.6139 -122.335
50459 44.0461 -121.302
10759 34.7595 135.517
58166 40.7336 -74.0092
40270 40.7143 -74.006
14694 41.6618 -71.4453
55632 63.4229 10.3905
50043 -33.4443 -70.6233
2354 35.06 -79.013
27691 43.0389 -87.9065
43463 44.428 26.0966
41696 42.0467 -87.6792
45294 29.7337 -95.3952
176 42.0926 -76.7989
10475 35.0098 135.759
7523 36.8704 -76.2966
13226 38.9956 -76.5299
51611 -33.8778 151.204
43523 42.5584 -70.88
469 40.7923 -73.9736
7883 8.98828 -79.5011
26639 64.4682 11.5111
56568 54.6347 -5.675
26337 54.9539 -1.72002
44072 36.175 -115.137
3168 44.9161 -93.1018
40162 25.7607 -80.2436
39032 -37.8 144.983
42916 51.4833 -0.866667
13568 37.5052 -122.247
42067 46.0101 8.96004
20290 60.1627 24.9156
2431 42.1529 -87.8411
14231 45.5293 -122.685
45061 53.8192 -1.60329
12184 35.8577 139.648
4264 39.6282 -74.9443
52863 50.7 7.08333
50040 35.0229 -93.0477
4768 40.7143 -74.006
20548 34.0942 -118.381
2793 39.4739 -105.085
43550 42.9834 -81.233
20323 52.5474 13.4091
10969 37.3686 -122.035
10195 41.8917 12.4701
33582 33.1111 -96.767
33423 37.4538 -122.182
38202 -23.6 -46.6333
37089 46.4667 6.03333
14374 40.3149 -86.8862
14095 33.326 -111.875
12022 35.5302 139.697
8933 49.2697 -122.781
28214 34.1478 -118.145
5652 40.8266 -74.8324
18556 44.1168 -79.6163
21240 39.0894 -119.939
20940 30.6327 -96.3225
40304 47.6062 -122.332
25149 33.4148 -111.909
17378 51.5243 -0.081169
20228 33.6603 -117.999
513 30.3322 -81.6557
22830 47.6144 -122.346
16505 48.4 2.7
1136 37.7749 -122.419
5704 21.2775 -157.787
16111 33.4107 -111.978
20866 42.2776 -83.7409
694 -38.1487 144.366
15325 36.4423 139.276
51836 51.5042 -0.10849
1099 40.0158 -105.285
9476 24.4667 54.3667
20259 60.2167 24.6667
52442 55.8667 -4.36667
14790 39.6175 -104.792
2901 48.8582 2.3614
32252 41.0491 -85.2771
2496 30.5027 -91.3159
3407 35.0347 -80.8504
4938 39.7941 -105.102
21644 34.1815 -118.312
42632 -35 138.717
34121 51.5084 -0.125533
13535 21.3548 -157.931
10143 35.1298 135.084
15598 -1.28333 36.8167
22006 34.0522 -118.244
89 33.7866 -84.3833
11756 33.318 -111.976
26552 48.7406 9.10045
12370 50.7153 -1.90754
28000 28.2199 -14.0201
30738 42.2967 -89.6212
18831 39.5653 -104.718
1519 51.4416 0.371952
8509 45.6018 -121.183
40095 -33.0167 151.717
13806 43.0755 -89.3858
28059 51.5208 -0.123091
46862 25.7743 -80.1937
13579 35.4676 -97.5164
25106 40.9066 -73.7784
10220 40.9542 -74.0546
8664 37.743 -122.427
23021 -37.607 143.838
39604 38.6175 -121.401
22551 41.5008 -82.0157
1027 45.5191 -122.583
5101 39.7464 -105.007
56026 55.6634 12.5074
16061 47.6089 -122.14
12206 43.0389 -87.9065
9867 51.5084 -0.125533
14850 42.7875 -86.1089
28237 26.7153 -80.0534
35895 -6.17444 106.829
31032 51.8935 -8.49187
25710 42.1038 -80.0802
54307 53.583 9.98559
14505 32.7509 -117.201
1836 43.5242 6.94261
41690 38.0501 -78.7096
23837 56.2974 -5.65089
39936 38.9876 -76.8205
38070 41.3408 2.10508
5041 33.7679 -118.195
24144 41.1144 -85.1505
1451 38.8939 -77.0406
4992 37.7749 -122.419
3830 33.9425 -118.407
10708 35.9394 139.315
48616 42.3901 -82.9155
45204 42.8197 -70.8686
36021 37.5623 126.969
17147 38.7617 -121.311
7252 59.8883 10.5836
51493 35.656 139.703
15743 59.1395 5.58964
7214 47.2529 -122.444
5022 37.3394 -121.895
869 42.2686 -87.9987
14355 37.7775 -122.416
14730 53.4561 -2.01973
11024 35.6658 139.752
56564 54.1299 13.5273
5073 37.7643 -122.435
7099 37.4636 -122.429
17986 42.6526 -73.7562
30085 39.8506 -74.9081
17151 38.1521 -122.261
13507 29.5379 -95.799
28799 36.175 -115.137
41079 33.1838 -117.336
42471 -23.5475 -46.6361
9374 47.6053 -122.34
56444 50.895 0.103101
55595 33.5092 -111.899
37444 -33.8689 151.207
30451 33.9202 -84.336
47266 35.2 138.9
12856 21.2815 -157.798
26948 53.0333 -3.06882
11419 38.9917 -76.8631
21013 40.8505 -73.9221
26680 35.3224 136.792
22962 41.4702 -72.4675
38257 23.137 113.335
21535 39.9584 -75.2025
35939 37.7715 -122.468
11613 22.6334 120.318
26027 33.7756 -84.3029
52 39.7552 -104.991
45824 59.6667 5.93333
53271 48.2455 16.3727
10058 33.9811 -77.9132
46679 40.6591 -3.76762
14385 51.5393 -0.161018
43829 58.4764 16.3342
16822 34.4274 -119.886
27983 31.9678 -94.0281
15985 34.0576 -118.233
13631 40.6688 -111.825
12662 38.067 -97.9162
45250 51.1854 -0.615016
33126 42.2884 -84.9925
38725 33.5403 -112.127
6669 39.0422 -94.5974
48589 -26.2 28.0833
36705 38.4437 -122.701
18609 48.8809 2.36919
17142 37.3394 -121.895
8290 37.4034 -121.99
9632 52.4851 13.4374
37171 51.8608 5.76667
37475 25.8245 -80.1222
42721 45.9318 9.48795
9729 41.4084 -75.6644
33328 59.8056 30.3074
22404 30.5585 -89.4292
53212 39.9496 -75.146
55132 32.7029 -97.1553
31599 51.0838 -114.153
37585 42.2234 -83.6179
4153 34.1303 -83.7895
6598 38.9696 -77.3861
12925 30.2701 -97.7438
54549 34.0211 -118.396
2964 38.0694 -78.7007
31284 54.9807 -1.58738
41842 40.7224 -73.9962
17218 40.8465 -73.9273
745 37.8716 -122.273
35346 41.215 13.5693
46817 40.0153 -105.273
43126 41.9429 -87.6789
55917 32.2979 -110.919
30238 42.3584 -71.0598
14812 51.5175 -0.130884
34367 43.0389 -87.9065
31089 33.8045 -118.168
47172 50.0878 14.4241
35752 26.2473 -80.2109
11853 -23.5475 -46.6361
17384 51.5828 -0.161553
283 27.9041 -82.7266
31323 29.4825 -95.4155
9819 33.8353 -117.915
39304 35.9444 -80.0441
40395 30.4347 120.36
49365 41.9036 -87.6759
27588 59.3322 18.0567
52082 47.4489 -122.309
1102 40.7353 -73.9795
14345 47.6141 -122.318
24911 59.8873 10.5212
18746 37.778 -122.392
15294 34.5749 136.532
34127 45.3454 -75.7742
18532 41.7119 -112.166
15296 35.9969 139.98
6852 37.4934 127.041
38582 59.4385 24.7714
35544 39.0138 -95.7624
39533 1.35208 103.82
34645 -23.0127 -43.3188
29397 51.4909 -0.540526
11881 31.7992 -106.396
49582 49.4935 11.0799
42272 45.4543 9.17938
28079 31.2222 121.458
25126 41.7822 -87.596
56279 48.2068 16.3767
26203 34.0522 -118.244
11709 56.4426 10.6755
46858 25.8235 -80.2535
4030 30.0013 -95.2938
15123 45.5235 -122.676
8133 39.76 -98.5
15060 42.7539 -84.4291
14519 46.2095 6.14224
2180 48.9333 8.96667
21845 36.3429 138.635
1398 25.7922 -80.1288
45505 54.347 18.6594
25830 37.4863 -122.234
37156 36.3132 -119.778
46848 30.2672 -97.7431
16569 -27.6333 153.233
43266 34.8066 -87.6783
27305 55.9499 -3.20271
33813 40.4406 -79.9959
56074 59.1667 18.1331
11745 37.7877 -122.413
5482 19.5592 -155.965
11759 22.4416 114.187
10756 35.722 139.846
20852 46.1854 -123.821
38187 40.7789 -73.9542
19153 29.8431 -95.4944
27666 42.0245 -73.4096
32394 -6.20629 106.828
22883 32.3513 -95.3011
42009 29.8297 -95.2699
16732 38.9019 -77.021
30465 38.4444 -122.703
32499 47.3733 8.53667
22805 35.9132 -79.0558
21552 48.4595 -122.345
38206 39.7392 -104.985
36972 55.7528 37.6108
6114 36.1188 -115.189
57123 -37.8195 145.026
34825 42.3261 -71.0953
32216 51.0949 6.91085
15402 35.6431 139.712
33798 39.3317 -84.3507
36278 51.4812 -3.17925
26901 33.7548 -84.2674
35502 38.9012 -77.2653
2921 44.501 -88.0613
32316 53.3333 -3.41667
20048 22.1544 113.554
15153 34.2283 -118.537
12864 42.3656 -71.1083
36439 43.2601 -77.6072
14588 49.2703 -123.134
8590 -34.5638 150.85
30780 -29.05 167.933
37642 44.8995 -93.253
14680 37.9577 -121.291
21909 36.154 -95.9928
16196 49.1806 -123.134
10785 42.9667 141.169
12355 29.9972 -90.1792
20633 33.7634 -84.31
24237 33.7167 -78.9602
8031 40.9341 -73.8387
12729 45.0128 -93.1697
34370 37.796 -122.394
15826 43.0717 141.349
37390 45.5433 -122.867
11585 32.7495 -117.194
3092 59.3388 18.0975
2013 35.3468 -77.9179
4696 13.4125 103.866
6584 42.1917 -86.1548
5740 40.4227 -79.9647
29460 55.8664 -4.27279
8131 36.4977 -6.27028
58124 40.7143 -74.006
55711 38.8904 -77.0841
26601 38.917 -77.0365
40690 35.5403 139.451
17989 39.7392 -104.985
35798 30.3322 -81.6557
52833 37.3688 -122.036
4096 43.4668 -80.5164
18045 37.8044 -122.271
849 43.613 3.87728
10150 33.4647 -112.272
9167 37.2502 -119.751
9058 32.4495 -99.7343
40053 52.5018 13.4168
752 37.5623 -122.325
51679 47.3835 8.51543
48379 42.0181 -87.7171
16329 39.4718 -79.6834
25675 33.8017 -84.3701
41690 38.0501 -78.7096
29210 51.8881 4.47719
40897 35.7833 139.783
11305 35.2776 136.878
44866 56.6781 12.8537
12878 43.3095 -73.644
7392 50.862 6.97115
31976 36.0972 -115.147
49124 44.9627 -93.2739
6768 28.5414 -81.3778
50839 38.2092 -85.7039
13512 25.0911 121.56
27004 44.1898 -70.1403
24858 60.8079 10.8639
18115 40.0336 -105.282
10204 41.08 -74.0619
18014 37.7749 -122.419
23210 51.5084 -0.125533
43714 53.4833 -2.33333
37309 56.1832 9.55172
44869 59.3222 18.0742
4274 41.6526 -91.5359
6003 38.904 -77.0375
18315 33.4669 -86.7812
6729 29.4241 -98.4936
13290 57.1333 -2.1
48793 35.6833 139.65
27737 33.8095 -117.87
42549 25.0772 121.232
38517 47.5353 8.73827
33070 51.4329 -0.12712
13352 36.0655 -96.0031
36658 39.9523 -75.1638
20207 60.1756 24.9342
7693 41.7554 -72.5203
43087 -33.9667 25.5833
47670 34.8509 -82.3997
28865 40.7106 -73.9665
20001 1.3229 103.95
45026 41.9374 -87.6551
20455 39.5359 -76.3483
45518 32.7206 -96.9042
8063 40.2859 -76.6502
321 34.0772 -118.268
26823 32.9396 -96.8241
5120 39.8028 -105.087
21965 40.6874 -73.9136
12170 33.5625 -101.945
9650 36.8681 -76.2978
19048 37.8076 -122.421
54690 40.7232 -74.3107
8941 44.9719 -93.286
49209 54.6688 -1.22617
5708 39.76 -98.5
47541 47.7031 -122.326
39859 33.6712 -117.849
9118 38.55 -76.0333
28684 36.1114 139.631
22032 33.2487 -111.634
18936 30.2776 -97.7515
15084 39.9612 -82.9988
46130 52.5265 13.4076
23195 43.6043 1.44367
46626 51.2816 4.52916
40800 35.686 139.702
55124 51.9635 5.89267
31658 45.5217 -122.692
35598 51.4779 -0.014404
8911 33.5092 -111.899
57264 59.9953 30.2878
18502 51.4299 -0.123563
46261 44.65 -1.25
9022 34.1867 -118.391
40113 54.85 -5.81667
358 47.5001 -52.8033
13950 -33.8383 151.205
46634 51.2525 4.46614
29270 42.5396 -83.3606
30412 51.7763 5.25742
57703 -33.9167 18.4167
19090 47.6418 -122.08
46185 33.7821 -118.122
37076 32.7966 -96.8016
12269 38.9282 -94.6998
15393 35.6833 139.583
23749 34.1539 -84.1744
3460 -42 174
2325 38.5615 -122.539
6967 30.6944 -88.0431
483 30.2651 -97.7495
38147 32.9323 -80.0366
8644 37.7823 -122.463
55842 47.1412 -122.27
5724 53.3442 -6.28821
17518 48.3849 15.5325
39068 52.5167 13.4
23619 37.978 -122.031
18007 35.0456 -85.3097
25800 41.8958 -87.6244
11803 28.8041 -81.7166
6401 39.8879 -75.3767
34112 51.5667 0.466667
17710 37.7749 -122.419
53790 34.4087 133.199
11543 35.5378 139.419
30860 53.8354 -1.63912
41087 25.0062 121.476
42053 39.7499 -105
28460 42.1817 -87.8003
46125 60.3911 5.32472
42617 51.5373 -0.106614
1799 37.5803 -122.344
14086 34.0088 -84.2867
18294 44.9628 -93.2378
26962 47.6601 -122.342
25036 50.6696 4.61192
13618 40.6861 -111.845
7762 48.9417 9.10313
34736 28.5413 -81.3799
28733 35.69 139.698
53239 32.9618 -96.6989
49621 47.6062 -122.332
10766 35.4585 139.626
30283 26.7093 -80.0568
3634 41.7605 -72.7444
2195 27.9464 -82.4593
16202 49.2823 -123.102
16462 47.1301 -119.278
931 33.7504 -118.11
55974 36.8529 -75.978
46625 51.0546 3.73191
44390 37.2284 -93.2923
21219 50.828 3.26487
42824 59.319 18.0672
25072 42.3496 -71.0953
2398 37.3544 -79.1735
26487 40.0529 -75.2688
8202 37.2341 -121.914
15963 34.0522 -118.244
44902 32.5449 -94.3674
26931 26.5719 -80.0896
22249 19.6705 -155.101
47512 43.0795 -75.7507
39610 52.0767 4.29861
36725 34.0211 -118.396
8211 20.6 -100.383
1444 32.7382 -117.149
1782 33.9587 -118.449
10154 38.9343 -77.1775
22856 37.9772 -87.4613
58117 38.5756 -121.48
5606 30.3322 -81.6557
34576 29.5469 -98.5765
8637 34.885 -83.9591
7911 40.4471 -80.1824
36628 52.4622 -1.97218
14744 35.0868 -90.0568
52511 32.7877 -79.9379
57977 59.7231 17.7658
35835 48.8485 2.29921
33729 42.1514 -87.9598
15467 33.3466 130.558
54366 34.9863 135.755
53196 51.4143 0.4318
57581 37.5072 -122.261
58226 33.8333 35.8333
8139 41.9217 -87.7123
27180 47.6396 -122.326
22993 53.7873 -1.71714
46234 40.728 -74.0026
3552 52.9999 -122.503
19251 37.7749 -122.419
26050 8.10869 98.3061
13183 47.6797 -122.121
20023 41.5899 -93.6111
42683 39.1521 -84.4623
37501 34.0449 -118.448
12412 38.9665 -94.4794
45076 37.7849 -122.408
45165 48.8699 2.29843
24880 60.7549 11.2482
43304 32.8073 -96.6261
14810 39.2202 -76.8605
7079 34.1024 -118.11
2449 35.9101 -79.0753
48356 38.0329 -84.5067
36040 37.7843 -122.46
17924 35.5293 -97.5981
5301 37.422 -122.084
11823 35.2271 -80.8431
30273 19.4499 -99.2169
26503 35.6152 139.72
11999 43.7681 142.36
9205 21.3822 -157.934
8184 52.0089 4.35431
725 40.3077 -80.0615
28258 40.4148 -3.70118
54736 37.4889 127.086
11249 42.0191 -87.6681
54761 41.0098 -81.4933
19404 21.2824 -157.814
15887 35.5524 139.788
3607 41.2401 -81.4407
10251 39.2168 -94.5832
9770 47.6062 -122.332
19635 42.3318 -71.1212
24050 -33.4167 149.567
1574 39.7392 -104.985
46113 57.7072 11.9668
17443 37.4209 -121.916
25610 37.3193 -121.865
41751 35.642 139.715
29362 51.9068 5.33768
15026 39.7479 -104.993
6089 37.7896 -122.4
10578 35.6731 139.76
46259 47.6104 -122.201
8258 36.0829 -115.167
33897 51.5084 -0.125533
14220 41.6131 -88.0604
9050 39.5349 -119.753
7209 45.5123 -122.618
2250 33.8082 -84.1702
12818 38.8335 -104.824
37527 31.194 -105.418
43235 39.0086 -94.4636
9801 21.3123 -157.862
21492 47.6575 -122.313
50966 59.3252 18.0692
54419 51.3667 -0.016667
10173 28.416 -81.4465
2066 37.3307 -121.894
36087 35.5833 139.533
10254 38.9034 -77.0442
33662 44.3956 -69.5712
7042 38.8108 -94.9272
35051 34.0522 -118.244
58149 32.3427 -90.1536
22222 48.7973 2.51379
21935 37.592 -4.07799
22190 52.0575 4.49306
44825 45.7821 -108.506
44509 63.4167 10.4167
18892 39.3025 -94.7093
21540 37.7749 -122.419
51093 -34.904 138.64
26428 39.9838 -83.0449
2685 35.2271 -80.8431
9721 38.6481 -90.5283
52015 51.7968 -1.505
51536 34.8231 -82.3305
37556 52.203 0.123718
53536 25.03 121.527
26144 28.6 -81.3392
40384 29.7076 -95.4925
30803 42.0407 -87.7521
3716 52.369 -114.929
40180 30.5449 -91.1569
47903 25.2522 55.28
43732 52.0467 4.33303
37195 37.5446 -122.238
16040 43.2808 -88.189
24882 43.7322 -70.234
3180 34.7043 -118.086
3280 55.9388 -3.10319
10989 35.6486 139.701
32160 44.4841 11.3345
36004 25.002 121.496
17393 47.6348 -122.357
6841 38.9539 -94.7278
4814 40.0068 -105.275
56159 43.6177 -79.6236
28833 18.3535 -65.898
46218 40.63 -79.9695
10498 42.3274 -83.0568
19538 39.0477 -95.6767
5370 60.4183 24.8083
57640 59.3644 17.9987
18071 39.6531 -104.823
50056 -33.6105 -70.5754
24277 36.1659 -86.7844
27144 42.4804 -83.4738
38526 32.194 -90.1414
9651 41.9102 12.4756
32084 49.8446 6.0967
7582 50.946 6.89799
53641 39.0483 -95.678
3556 45.5228 -122.804
18859 37.5685 -122.324
19616 45.5039 -73.5618
40294 37.6189 -122.375
41375 35.0606 -89.8848
27949 40.7143 -74.006
42164 53.3331 -6.24889
27476 52.25 -0.883333
1243 41.6366 -71.4693
8313 40.102 -82.8882
22503 53.38 -1.48516
6299 -30.0297 -51.2339
39762 37.7891 -122.402
41316 54.1676 37.588
52253 45.7 -73.6473
7065 44.777 -91.4269
39621 47.6073 -122.337
49598 42.4023 -82.1944
13901 38.9162 -77.0399
18947 47.6738 -116.745
16358 37.3614 -121.909
53980 -25.4277 -49.2626
31770 -31.946 115.976
7977 41.6639 -83.5552
45597 35.809 139.441
38986 42.0347 -93.6199
11391 32.9666 -96.8199
30050 30.523 -87.9033
31848 43.6121 -116.392
16073 38.9135 -94.3766
6895 35.6277 140.073
38756 47.612 -122.333
28699 35.6333 139.583
45420 33.5092 -112.08
52576 38.7548 -108.07
1736 27.9101 -82.3036
22088 42.5577 -70.887
56908 48.2085 16.3721
40667 42.4024 -71.129
15963 34.0522 -118.244
27011 43.9175 -69.9603
18414 40.8254 140.731
8850 41.3833 2.1833
27507 58.3637 -134.572
20215 39.7484 -105.056
7001 34.1014 -118.073
11264 35.1281 136.987
28471 39.7425 -104.96
39637 33.8473 -84.0796
18249 35.5389 -97.5169
31840 39.6408 -86.3363
55607 -26.1571 28.1905
41587 33.5112 -86.8127
31889 38.8445 -77.3051
8852 33.9108 -117.903
12277 42.0461 -87.6732
4657 33.6399 -112.121
40677 35.1677 136.9
42708 17.385 78.4867
50255 61.1485 -149.86
16270 45.0833 6.05
15330 35.7956 140.319
2070 43.7404 -79.1991
3289 59.4523 17.9437
36653 30.376 -86.3716
41088 25.015 121.541
2463 28.5383 -81.3792
2647 33.9797 -118.44
33883 40.8091 -77.8949
7717 33.9108 -112.676
37013 -31.4 -64.1833
1286 38.9323 -77.2196
14983 41.9334 -87.65
54187 41.5162 -88.1035
1329 41.9938 -87.6603
16496 48.8534 2.3488
25094 40.2454 -75.6496
7530 -23.4339 -45.0711
52399 51.2311 6.74737
25110 28.5591 -81.3104
43568 38.9001 -77.0164
2471 33.8482 -84.3669
3803 40.7926 -73.9465
6634 39.7097 -104.822
18760 34.3605 136.86
799 41.6639 -83.5552
29194 52.3766 5.21741
540 37.5841 -122.366
46884 39.548 -107.324
41484 35.3073 138.965
13566 59.3169 18.0627
8316 39.4775 -105.071
21293 33.8868 -118.304
40954 35.6903 139.7
44878 56.05 12.7
30797 41.9179 -87.6871
9721 38.6481 -90.5283
2246 38.4269 -81.7846
7263 47.6181 -122.326
25037 -33.4042 -70.546
8400 34.0522 -118.244
4763 42.3715 -71.1576
56167 45.5312 -73.5181
14508 32.7608 -117.146
33811 51.5084 -0.125533
38294 53.383 -1.4659
8976 43.775 -88.4388
31600 47.6553 -122.305
330 37.8251 -122.266
22237 40.7206 -73.99
48525 -5 120
57645 57.7187 11.9218
50214 40.7406 -74.0019
10492 10.6317 -71.6406
3326 50.828 3.26487
7165 50.8711 0.142563
2982 33.7824 -78.7877
56037 22.3964 114.109
12803 51.4974 -0.136194
8773 32.9598 -96.6327
15992 38.6619 -121.132
14828 51.4794 -0.241219
56018 52.3731 4.8999
28402 62.6167 29.5667
7483 34.0695 -118.385
21574 33.3816 -111.788
12433 39.1078 -94.5808
37054 37.4138 -79.1422
39695 33.9218 -84.3416
51445 47.3487 8.72166
16134 28.2916 -16.6291
46443 47.6158 -122.321
30783 -27.9466 153.371
18612 48.9049 2.31085
17547 39.7294 -104.832
10763 35.2649 139.577
5451 59.9073 10.7412
2717 44.0805 -103.231
26461 -25 135
55541 53.4644 -1.9711
42311 -37.8142 144.944
4987 37.222 -121.983
38394 59.2333 18.3
43327 60.0667 6.55
22717 54.689 -5.89826
56168 52.0667 5.19861
37900 39.7532 -104.994
57508 43.95 4.81667
5798 42.0785 -88.2235
13244 53.9167 10.7
16569 -27.6333 153.233
3687 33.7707 -117.867
669 52.11 5.18056
5165 40.659 -74.2871
20372 35.0392 -85.1491
11391 32.9666 -96.8199
7674 42.9504 -87.9009
14296 55.6059 13.0007
4294 37.782 -122.404
24596 51.4306 -2.18972
30294 39.3308 -76.562
9208 43.1548 -77.6156
1862 41.3432 -71.6888
31629 47.8152 -122.267
15414 35.8413 140.059
47844 32.7831 -96.8067
44805 45.5044 -122.656
6079 45.5167 -122.647
22931 33.8303 -116.545
6205 37.7903 -122.406
36488 32.9071 -96.8866
33465 40.7921 -77.8626
17551 33.8883 -118.309
38653 41.8052 -72.5572
1600 40.015 -105.271
36178 51.3041 -0.724126
35950 41.6589 -88.1208
34861 50.8069 -0.537815
838 53.3375 -6.23511
9292 42.6181 -71.7104
40548 26.223 127.689
44794 33.6727 -117.656
8901 34.0774 -117.548
15554 35.6925 139.699
18876 33.4517 -111.992
18701 -33.87 151.164
13398 38.9288 -77.0326
9541 47.3293 -122.58
29566 39.0842 -94.5953
14169 37.7898 -122.39
29100 58.4603 8.76667
2329 33.3458 -111.819
4791 40.4314 -86.9138
6246 33.0538 -96.6963
26476 42.1619 -88.0524
33015 50.9953 2.91878
464 37.6152 -122.39
50873 33.6411 -117.919
18786 38.9147 -77.0461
54569 39.7418 -105.517
13189 25.0392 121.525
11376 41.1559 -81.3572
49082 32.0657 34.7757
30738 42.2967 -89.6212
9372 32.765 -106.316
22264 41.9018 12.5121
5272 45.5204 -122.679
