52484 -33.95 151.1
40613 38.8904 -77.0841
18869 43.141 -77.5968
48657 39.0806 -86.4794
2029 46.9737 -124.156
57659 -30 26
54908 59.3956 15.8407
23854 32.8886 -80.0075
55961 36.175 -115.137
277 47.2537 -122.463
5043 37.7749 -122.419
12313 36.1954 -95.9046
46451 26.3876 -80.2003
30331 33.5956 -117.7
4223 -37 145
40590 39.6514 -79.9628
38622 59.4167 17.95
2724 52.1167 -0.283333
39960 35.6972 139.787
10502 41.378 2.15308
53717 35.8423 -90.7043
54318 37.7799 -122.396
54296 41.5601 -73.7831
42977 35.6179 -82.3212
56895 42.4048 -70.9913
11335 53.5483 10.0017
4393 38.9687 -77.3411
16321 34.0193 -118.393
53755 16.5333 81.5333
38707 31.364 -96.1513
44810 43.2081 -71.5376
46222 34.1706 -118.838
32184 45.5235 -122.676
1780 42.0059 -87.8362
25287 30.4992 -84.2516
44077 -4.26993 138.08
34611 51.5252 -0.137802
47414 -33.8964 151.18
25741 40.7096 -74.0021
26417 40.9144 -74.3173
40169 34.0787 -118.12
46731 30.7593 -98.675
51189 46.8135 7.50881
7803 39.0047 -94.687
8254 37.7011 -97.2761
8176 30.2459 -97.7346
13541 39.0284 -95.7597
39047 48.7667 9.18333
20522 40.2071 -74.0813
53461 55.8576 -3.1922
13598 -34.4945 150.809
45547 39.4698 -0.377387
17700 36.123 -115.168
9118 38.8165 -77.0398
23196 41.4012 2.1238
52975 5.59767 100.486
1101 40.0152 -105.294
20643 38.7543 -76.2499
17238 41.5043 -81.6906
55141 -33.5335 -70.6695
26138 40.423 -3.70072
17362 28.6008 -81.3065
30873 40.7143 -74.006
2155 1.36667 103.8
35224 45.4646 9.20313
35515 38.9282 -76.9158
41877 34.8377 -82.3658
16395 39.5296 -119.814
50695 57.6972 11.9885
28811 45.0655 -93.2019
45497 52.7667 13.2
47316 59.5667 9.28333
15375 43.0686 141.351
23090 43.4501 -79.6829
1836 39.8367 -105.037
55148 55.6731 12.5547
21859 35.752 139.804
49068 30.2672 -97.7431
28492 -33.8909 151.174
44224 48.1 11.4833
8165 -33.9096 151.155
33140 40.7143 -74.006
58166 40.7143 -74.006
14380 51.5084 -0.125533
13988 33.7284 -84.3659
54332 41.5936 -72.7127
56742 41.85 -87.6501
31126 39.0048 -77.1025
19832 42.2776 -83.7409
8784 53.6385 -2.99484
481 30.2663 -97.7446
41739 51.8831 -8.44778
57211 37.4134 -122.121
52432 47.6153 -122.323
41292 35.7248 139.689
49609 40.6496 -73.9326
36961 60.0306 30.2885
28738 35.693 139.771
28992 45.5144 9.22299
7185 39.7069 -104.956
56249 51.0617 3.71799
3019 39.7366 -104.981
37544 33.9792 -118.033
41125 49.5583 5.88056
30989 39.4389 -119.754
46254 39.9205 -105.087
50735 40.5765 -3.92658
44466 41.7689 -88.0706
8401 -6.21154 106.845
48022 25.0417 121.551
5159 44.98 -93.2362
12448 39.0997 -94.5786
41438 46 2
1775 37.7981 -122.421
31874 32.7395 -97.3702
13527 39.1857 -78.1633
24317 38.9822 -94.6708
12666 32.7944 -117.003
28973 44.8268 11.6207
9388 50.5289 -3.61175
42930 43.0948 -88.0267
27524 39.1114 -84.4979
37149 42.8482 -2.68472
23572 39.76 -98.5
11871 1.31138 103.857
38099 60.1042 -149.442
36084 37.7531 -122.405
35594 -34.05 151.15
41822 41.0814 -81.519
12054 53.7833 -1.75
4834 41.14 -104.82
11582 41.1112 16.883
21902 35.6996 139.668
7903 41.6498 -83.5391
5953 42.3576 -71.059
44659 37.7749 -122.419
50865 40.825 -73.892
11333 21.3342 -158.024
28534 40.9811 -74.1183
31215 40.6652 -73.9886
11238 42.0981 -88.2829
43569 35.5074 -97.5246
28700 35.6579 139.698
20875 34.0188 -118.5
8310 36.1299 -115.142
22829 47.5924 -122.334
14875 35.9988 -95.8664
14988 41.8944 -87.6315
21967 53.4341 -1.53749
7499 40.6426 -73.9742
21286 40.7141 -73.9543
2142 38.5843 -121.852
42974 60.75 24.7667
37074 21.3069 -157.858
36532 18.5205 73.8566
41078 42.7174 -84.5383
34100 41.85 -87.6501
49745 51.4523 -0.521077
29425 20.6 -100.383
15542 35.71 139.776
30563 34.9572 -81.9373
34058 40.6754 -73.9712
6303 36.0263 -115.119
14309 32.9537 -96.8903
48355 37.9856 -84.5906
5519 -34.5761 -58.4088
2550 32.7153 -117.157
26169 43.3 -0.366667
14171 51.504 0.047118
54556 59.3134 18.4466
40242 52.5167 13.4
38645 47.6062 -122.332
38830 33.9908 -118.46
22673 35.828 -78.6664
3952 41.7146 -81.297
57918 36.1867 -94.1288
39806 37.9862 -121.355
22494 63.4161 10.7762
19625 39.2281 -84.3213
52389 34.2039 -118.457
2690 35.7799 -78.6449
1049 42.2803 -83.744
26941 35.685 139.751
29036 50.9333 5.31667
41782 49.8136 9.88276
27014 43.9806 -70.1256
5887 40.7182 -74.0046
42245 36.154 -95.9928
23595 33.5821 -111.894
49736 -23.5475 -46.6361
17682 49.2769 -123.115
43704 50.8682 -0.407352
17589 33.8651 -84.3366
39691 33.749 -84.388
56530 33.93 -118.397
1804 47.6062 -122.332
26605 38.9749 -77.0141
45034 41.3336 -89.4306
23933 50.0766 8.23518
25443 51.4659 -3.15969
53833 55.9333 -4.75
16748 42.3584 -71.0598
15469 35.7012 139.576
35375 32.7831 -96.8067
46998 35.4676 -97.5164
27712 41.1179 -77.6047
12041 34.8514 137.361
9918 37.7692 -87.113
2266 35.7847 139.348
52843 40.744 -74.0324
14157 41.5954 -93.7889
2264 38.906 -77.0334
2034 34.0422 -118.267
7696 49.2775 -123.126
54344 22.2784 114.164
38834 32.9979 -96.8507
31223 38.0293 -78.4767
18480 49.4999 -117.286
33652 -26.3044 -48.8456
983 39.7589 -104.427
41695 41.964 -87.6859
54131 -33.804 151.148
24096 37.8077 -122.255
541 37.7898 -122.401
28188 51.5264 -0.080079
16809 26.6359 -80.0962
25222 -27.659 153.171
6640 22.6574 120.486
13423 34.0726 -118.371
8580 -6.2532 106.805
8840 33.4348 -112.011
46795 37.7595 -122.443
54918 -6.37711 106.959
40926 45.5353 -73.5861
43257 36.0867 -80.3015
3784 34.1072 -118.058
52143 43.7001 -79.4163
10975 35.5187 137.572
44102 40.3101 -75.1299
22291 40.741 -73.982
55471 39.9 32.8
41543 32.746 -96.9978
19446 21.3951 -157.887
14695 53.413 -1.41246
51815 18.31 73.55
40592 38.3032 -77.4605
37748 26.6901 -80.0787
42996 37.7936 -122.399
39364 40.7266 -73.4591
43093 40.6725 -73.831
44431 39.2624 -84.5576
21792 35.7061 139.559
38330 51.4588 -2.64897
4416 29.7633 -95.3633
24841 63.42 10.3889
43247 37.7749 -122.419
42690 34.0553 -117.752
15238 41.3925 2.16202
8177 51.5084 -0.125533
14451 40.6461 -111.498
28651 37.7868 -122.224
40020 50.1862 8.6495
56707 59.1833 9.51667
14961 41.3667 -8.36667
57729 35.9125 14.5019
19250 37.7404 -122.419
32559 41.81 -71.4491
8846 51.5138 -0.134522
50737 37.8842 -4.7776
16507 48.8319 2.22726
35584 32.3079 -95.48
36260 45.0104 -93.0619
11222 41.9513 -87.66
21500 40.7979 -73.6996
31095 36.002 -83.9124
11804 52.1072 5.03833
27078 35.17 136.885
36138 53.4077 -2.98403
9122 53.7823 -1.60262
51603 40.0803 -83.1329
53449 46.8752 -96.579
3983 42.2846 -83.7462
38487 43.2874 -70.9772
33761 37.3541 -121.955
7203 50.7167 -1.88333
11859 4.20919 100.7
52162 41.5734 -87.7845
1108 40.0169 -105.283
37034 53.1623 8.20602
56365 51.5084 -0.125533
13854 34.0522 -118.244
16419 40.565 -74.2859
54108 40.8319 -73.8498
39615 40.6794 -89.6172
5162 40.717 -74.3248
14419 55.9804 -3.74114
32996 51.5154 -0.123835
47889 34.4189 -117.346
444 33.2594 -111.857
21955 47.6062 -122.332
55026 35.649 139.753
5761 42.3584 -71.0598
35200 41.2586 -95.9378
12585 41.6019 -86.7303
75 40.0188 -105.277
37200 10.4875 -66.8368
14207 51.3317 -0.648569
6270 30.2492 -97.7502
34194 52.3731 4.8999
45463 42.6572 -83.3781
34543 37.5585 -122.271
49344 52.4 0.266667
6996 40.6745 -80.0987
25090 47.6062 -122.332
11340 52.0369 8.53049
10350 34.7626 137.383
23600 33.8729 -84.3303
954 39.7483 -105.004
35836 37.7054 -121.884
53497 34.9025 -82.3278
20004 33.7984 -117.756
42 37.5803 -122.344
39831 28.9178 -81.888
37602 33.9472 -118.444
31249 40.2473 -75.2438
35818 39.8051 141.084
52826 51.9225 4.47917
16323 34.8662 -92.1101
50020 28.3681 -81.5627
66 39.7563 -104.994
11174 29.5896 -95.5982
34481 53.7231 -2.63037
6972 39.9523 -75.1638
17059 33.3199 -111.926
51150 36.9741 -122.031
32916 22.3382 114.138
41426 34.7304 -86.5861
17886 39.0106 -104.814
16264 52.5306 13.1901
55865 39.7285 -121.837
9513 37.7338 -122.433
30013 37.4613 -122.198
18848 39.76 -104.984
23835 32.8757 -80.0183
55801 48 0.2
29591 42.563 -114.461
48998 59.2 9.60001
39639 40.0849 -83.1381
40817 35.1612 136.95
44890 53.0923 -2.45608
26570 40.0155 -105.206
1474 60.1585 24.8881
22356 42.812 -84.8861
56486 36.1234 -97.0698
34932 -6.17444 106.829
31798 39.7392 -104.985
43456 48.86 2.36079
36118 47.6145 -122.314
50261 34.0195 -118.491
8324 39.9956 -82.6743
25392 36.3002 -78.4067
28360 35.6722 139.766
55293 39.4833 -8.53333
27727 39.1407 -84.5004
21781 51.5084 -0.125533
3207 29.2684 -89.3673
42101 13.75 100.517
52605 43.6656 -79.3986
3159 34.124 -118.22
26913 26.1826 -98.1111
20433 30.2694 -97.7476
45321 35.131 -80.8512
48145 60.1753 24.7334
25311 42.199 -85.5505
27999 49.3403 -123.032
25701 37.5538 -77.4603
3630 39.7483 -105.004
37319 57.6397 18.2898
48177 60.1756 24.9342
53490 36.0708 -95.7911
55702 41.9508 -88.3243
33419 42.3801 -71.133
25129 32.8515 -85.2675
29642 37.6277 -97.7806
40938 35.6833 139.917
23337 41.6986 -71.4617
3156 35.0063 135.692
27515 61.1684 -149.887
52366 38.8864 -77.1769
6344 39.9523 -75.1638
24316 38.9165 -94.6398
10043 38.9979 -105.551
12617 36.8535 -76.3677
21772 59.9247 10.749
22924 28.5383 -81.3792
11423 41.8961 -87.6488
33706 37.138 -76.4066
9788 40.7595 -74
40089 -32.7477 151.596
47872 43.661 -79.3953
22674 35.0968 -80.9581
53749 3.17632 101.659
46130 53.5511 9.99936
19770 43.6652 -79.4335
32411 31.8427 117.257
50765 42.994 -87.8934
43105 33.7878 -117.853
30829 39.1097 -95.0877
41650 47.6233 -122.338
23744 26.3701 -80.2098
14889 39.5517 -104.859
43810 38.0053 -84.4504
54863 54.9675 -1.7315
29591 42.563 -114.461
23069 44.8041 -93.1669
44033 48.8167 9.8
19374 42.6717 -83.0339
44482 -32.0434 115.756
56377 36.1659 -86.7844
14482 36.274 -92.5948
65 39.9305 -105.135
42668 5.55 -0.216667
5107 40.015 -105.271
20802 30.2893 -97.8279
21821 35.6772 139.82
54373 37.7821 -122.449
15096 -29.85 31.0167
38407 -33.8678 151.207
54905 47.635 18.3496
30321 37.7794 -122.413
15130 47.6211 -122.321
18215 37.7749 -122.419
13089 37.5363 -122.306
14837 51.4712 -0.452371
32495 41.824 -71.4128
16690 42.1105 -71.0132
55857 38.5965 -90.3746
7266 38.9271 -94.6863
27299 36.8444 -76.3058
54865 39.3292 -82.1013
47255 51.5187 -0.085281
20465 47.7573 -122.244
1309 39.7212 -104.959
33454 39.9225 -75.2623
12496 34.7137 -86.6755
53881 51.5211 -0.159386
45427 40.5218 -79.8319
8299 34.0448 -118.264
25787 38.7135 -77.7953
34174 40.6842 -73.9837
22762 37.9063 -122.065
19007 -33.8997 151.184
56108 37.5205 127.032
46385 -33.429 -70.6171
23130 -26.2 28.0833
57717 33.7816 -112.099
58023 40.0167 116.35
17146 38.7501 -121.233
37778 37.2411 -77.2898
34894 46.8443 -96.8068
51985 44.98 -93.2638
57935 34.0481 -118.526
19225 49.2664 -122.953
44534 31.9115 -106.44
53140 33.6776 -117.854
3464 40.6852 -73.9915
36461 55.9014 -3.40837
17678 35.3324 139.449
30353 39.089 -94.5858
32325 40.7143 -74.006
37683 44.9756 -93.2723
27863 47.674 -122.122
56335 55.7136 12.5692
43760 33.2 129.85
40673 37.5664 127
54730 27.7692 -82.6438
19670 41.9204 -87.756
13436 59.3297 18.0437
54328 41.3888 2.15898
2653 19.0603 72.8802
18214 37.7667 -122.449
21646 34.0847 -118.254
47016 42.0428 -87.6959
33846 41.85 -87.6501
3657 40.3756 -82.3971
627 37.7635 -122.394
373 40.7143 -74.006
14997 42.3179 -72.6352
34090 39.4015 -76.6019
45300 21.3069 -157.858
57125 47.9406 17.0694
56576 40.6082 -74.2776
41660 35.1873 136.969
36597 36.161 -86.7781
56625 -12.998 -38.52
31992 40.4629 -79.9334
32208 48.8382 2.24294
46387 -33.0081 -71.5197
44430 51.4167 -0.75
49003 60.7935 6.57704
